1700373707153 0.00598843 -3.37481 0.00913194 40 1 end
1700373707204 0.0148645 -3.37473 0.009538 40 1 end
1700373707255 0.0198213 -3.37468 0.00990866 40 1 end
1700373707306 0.0309218 -3.37457 0.0106043 40 1 end
1700373707357 0.0369866 -3.37451 0.0109122 40 1 end
1700373707408 0.0498127 -3.37437 0.0117263 40 1 end
1700373707455 0.0636523 -3.3742 0.0126471 40 1 end
1700373707503 0.0707949 -3.37411 0.0133156 40 1 end
1700373707552 0.0870385 -3.37389 0.0147028 40 1 end
1700373707600 0.0955046 -3.37376 0.0152843 40 1 end
